car 0.00 0 -10.00 556.93 465.92 696.76 573.13 1.8 2.12 4.95 -3.60 1.74 23.48 1.50 0.0000
truck 0.00 0 -10.00 702.63 427.04 786.33 517.91 3.8 2.52 10.72 -3.62 2.06 57.88 1.62 0.0000
car 0.00 0 -10.00 1147.20 496.33 1502.34 605.70 1.4 1.83 4.48 7.21 1.87 18.46 -0.01 0.0000
car 0.00 0 -10.00 1222.98 491.84 1600.00 635.54 1.4 1.80 4.47 6.96 1.70 14.00 -0.03 0.0000
pedestrian 0.00 0 -10.00 947.74 474.89 975.71 533.55 1.8 0.67 0.54 4.15 1.94 38.52 1.31 0.0000
car 0.00 0 -10.00 1027.38 484.31 1322.77 579.84 1.5 1.95 4.77 6.13 1.84 22.48 0.04 0.0000
car 0.00 0 -10.00 416.71 488.01 645.06 650.42 1.5 1.64 4.98 -3.10 1.70 14.12 1.51 0.0000
car 0.00 0 -10.00 311.80 460.00 515.46 528.72 2.0 3.06 5.42 -13.09 1.77 40.06 -3.11 0.0000
car 0.00 0 -10.00 873.60 470.65 942.59 538.43 2.0 2.05 4.74 2.59 2.09 40.43 -1.52 0.0000
pedestrian 0.00 0 -10.00 958.30 470.15 977.11 517.52 1.9 0.70 0.47 5.59 1.87 49.59 1.69 0.0000
