pedestrian 0.00 0 -10.00 985.30 467.14 1007.96 503.58 1.9 0.80 0.80 9.47 0.60 66.47 0.73 0.0000
pedestrian 0.00 0 -10.00 465.60 424.58 508.68 504.23 1.9 0.92 0.67 -8.21 0.29 31.60 1.46 0.0000
pedestrian 0.00 0 -10.00 442.10 437.79 470.92 507.50 1.7 0.60 0.68 -8.77 0.36 30.89 1.37 0.0000
pedestrian 0.00 0 -10.00 992.20 466.81 1014.77 505.21 2.0 0.80 0.81 10.00 0.70 67.65 0.73 0.0000
pedestrian 0.00 0 -10.00 408.97 433.20 564.64 709.36 1.7 0.67 0.78 -2.07 1.30 8.01 -3.12 0.0000
pedestrian 0.00 0 -10.00 497.61 438.37 534.74 509.97 1.7 0.76 0.85 -7.41 0.42 31.31 1.46 0.0000
pedestrian 0.00 0 -10.00 1006.57 463.38 1028.63 501.43 2.0 0.80 0.81 10.84 0.50 68.22 0.69 0.0000
pedestrian 0.00 0 -10.00 1015.69 468.54 1036.90 506.30 2.0 0.80 0.81 11.44 0.77 68.96 0.58 0.0000
car 0.00 0 -10.00 1416.37 489.16 1561.37 569.61 1.5 2.00 4.00 15.65 1.58 29.71 1.81 0.0000
pedestrian 0.00 0 -10.00 310.62 434.00 368.14 534.07 1.6 0.68 0.77 -8.10 0.68 21.54 1.55 0.0000
pedestrian 0.00 0 -10.00 351.03 435.72 407.73 534.46 1.6 0.73 0.60 -7.46 0.70 21.64 1.60 0.0000
