pedestrian 0.00 0 -10.00 517.15 474.61 595.52 588.26 1.7 0.95 0.95 -3.96 1.43 19.27 2.75 0.0000
traffic_cone 0.00 0 -10.00 908.97 525.85 932.45 566.77 0.78 0.40 0.41 2.06 1.47 24.98 -3.14 0.0000
pedestrian 0.00 0 -10.00 214.04 449.54 273.68 550.85 1.7 0.80 0.80 -9.68 0.98 21.40 -2.09 0.0000
pedestrian 0.00 0 -10.00 232.17 437.49 296.81 547.78 1.9 0.90 0.90 -9.92 0.99 22.76 2.61 0.0000
pedestrian 0.00 0 -10.00 0.00 414.95 16.81 474.35 1.7 1.00 0.99 -25.00 -0.55 38.23 1.87 0.0000
barrier 0.00 0 -10.00 946.51 512.79 999.06 594.56 1.1 2.30 0.54 2.31 1.44 18.85 -3.11 0.0000
pedestrian 0.00 0 -10.00 922.41 481.57 988.21 572.93 1.5 0.79 0.79 2.37 1.36 21.67 2.76 0.0000
pedestrian 0.00 0 -10.00 159.14 443.24 239.03 545.78 1.7 0.90 0.89 -10.73 0.92 22.02 -0.89 0.0000
barrier 0.00 0 -10.00 667.17 494.90 689.45 515.59 1.0 2.10 0.50 -7.07 1.22 65.01 0.19 0.0000
barrier 0.00 0 -10.00 983.63 518.99 1044.15 599.39 1.1 2.28 0.58 2.91 1.51 18.85 0.03 0.0000
barrier 0.00 0 -10.00 620.78 492.44 664.32 512.59 0.94 2.10 0.45 -8.74 1.02 63.74 1.55 0.0000
