pedestrian 0.00 0 -10.00 276.04 431.14 330.52 529.04 1.6 0.58 0.73 -8.69 0.61 21.47 1.59 0.0000
barrier 0.00 0 -10.00 1465.03 488.43 1585.29 546.09 1.1 2.00 0.44 14.01 1.02 25.07 -1.25 0.0000
barrier 0.00 0 -10.00 1501.19 499.63 1578.19 581.21 1.1 2.21 0.47 10.49 1.21 18.42 -2.84 0.0000
barrier 0.00 0 -10.00 1536.72 512.45 1600.00 603.44 1.0 1.99 0.45 9.87 1.34 16.35 -2.89 0.0000
barrier 0.00 0 -10.00 1477.95 497.90 1536.61 567.16 1.0 2.10 0.45 11.20 1.15 20.57 -2.81 0.0000
pedestrian 0.00 0 -10.00 382.30 440.90 413.49 517.30 1.8 0.70 0.47 -10.06 0.60 30.44 -0.64 0.0000
barrier 0.00 0 -10.00 1473.51 495.71 1519.96 556.84 1.0 1.99 0.44 12.11 1.10 22.57 -2.78 0.0000
pedestrian 0.00 0 -10.00 238.93 427.40 293.20 527.81 1.7 0.59 0.66 -9.38 0.60 21.61 1.59 0.0000
pedestrian 0.00 0 -10.00 438.76 442.40 477.99 514.53 1.7 0.68 0.58 -8.79 0.55 31.12 2.16 0.0000
barrier 0.00 0 -10.00 1580.15 489.13 1600.00 545.90 1.0 1.97 0.47 15.93 0.99 24.42 -1.25 0.0000
barrier 0.00 0 -10.00 1590.11 517.64 1600.00 622.69 1.0 2.01 0.44 9.85 1.36 14.33 2.80 0.0000
